  7,  2,'PRISREKKE.PRI'
  '20211207 120347.862     '
         156           7          10        2021           1         156
          24          24          24          24          24          24
          24
 
     1    0.18678    0.20842    0.68986    1.30442    2.79828    4.16829    4.22632
 
FROM    1 TO    2
  0.00000  0.00000  0.00000  0.80628  0.19372  0.00000  0.00000
  0.00000  0.00000  0.00000  0.00000  0.80628  0.19372  0.00000
  0.00000  0.00000  0.44302  0.47511  0.06279  0.01908  0.00000
  0.00000  0.55368  0.03787  0.01385  0.02660  0.36799  0.00000
  0.00000  0.44084  0.00000  0.49997  0.05919  0.00000  0.00000
  0.00000  0.00548  0.01911  0.01106  0.54513  0.41922  0.00000
  0.00000  0.00000  0.00548  0.01911  0.01106  0.54513  0.41922
 
     2    0.07505    0.75629    2.14691    2.90115    3.90829    5.45259    5.68079
 
FROM    2 TO    3
  0.00000  0.40421  0.49088  0.04510  0.05981  0.00000  0.00000
  0.00000  0.00000  0.40421  0.49088  0.04510  0.05981  0.00000
  0.00000  0.00000  0.00000  0.00000  0.00000  1.00000  0.00000
  0.00000  0.50746  0.03212  0.01666  0.00698  0.43678  0.00000
  0.00000  0.02969  0.04809  0.31517  0.60706  0.00000  0.00000
  0.00000  0.44800  0.49154  0.01971  0.03734  0.00341  0.00000
  0.00000  0.00000  0.44800  0.49154  0.01971  0.03734  0.00341
 
     3    0.93503    1.08767    1.57283    2.69517    3.39722    4.33042    4.50421
 
FROM    3 TO    4
  0.00000  0.00000  0.35466  0.53116  0.11418  0.00000  0.00000
  0.00000  0.00000  0.00000  0.35466  0.53116  0.11418  0.00000
  0.00000  0.00000  0.33718  0.57876  0.08406  0.00000  0.00000
  0.00000  0.00000  0.00000  0.00000  0.11418  0.88582  0.00000
  0.00000  0.99354  0.00646  0.00000  0.00000  0.00000  0.00000
  0.00000  0.00646  0.65636  0.06658  0.27060  0.00000  0.00000
  0.00000  0.00000  0.00646  0.65636  0.06658  0.27060  0.00000
 
     4    0.11712    0.34257    1.53772    3.25449    4.81534    5.67482    5.83797
 
FROM    4 TO    5
  0.51572  0.02485  0.06374  0.02799  0.36770  0.00000  0.00000
  0.00000  0.51572  0.02485  0.06374  0.02799  0.36770  0.00000
  0.00000  0.47698  0.00000  0.52302  0.00000  0.00000  0.00000
  0.00000  0.00000  0.00000  0.36770  0.00000  0.63230  0.00000
  0.00000  0.00730  0.49595  0.01848  0.47827  0.00000  0.00000
  0.00000  0.00000  0.47921  0.02706  0.49374  0.00000  0.00000
  0.00000  0.00000  0.00000  0.47921  0.02706  0.49374  0.00000
 
     5    0.41290    0.92615    2.84327    4.37528    4.79194    5.92715    5.98689
 
FROM    5 TO    6
  0.00000  0.44241  0.47993  0.02978  0.04788  0.00000  0.00000
  0.00000  0.00000  0.44241  0.47993  0.02978  0.04788  0.00000
  0.00000  0.04182  0.02668  0.49118  0.44032  0.00000  0.00000
  0.00000  0.00000  0.47337  0.00000  0.51247  0.01417  0.00000
  0.00000  0.43414  0.02299  0.02146  0.01743  0.50397  0.00000
  0.00000  0.52404  0.03455  0.00743  0.00000  0.43398  0.00000
  0.00000  0.00000  0.52404  0.03455  0.00743  0.00000  0.43398
 
     6    0.12066    0.26711    2.20077    2.83231    3.70335    4.21369    4.41742
 
FROM    6 TO    7
  0.02763  0.05774  0.49594  0.00000  0.41869  0.00000  0.00000
  0.00000  0.02763  0.05774  0.49594  0.00000  0.41869  0.00000
  0.00000  0.51750  0.03833  0.00000  0.44417  0.00000  0.00000
  0.00000  0.01530  0.53762  0.00000  0.44708  0.00000  0.00000
  0.00000  0.00000  0.35489  0.00000  0.06674  0.57836  0.00000
  0.00000  0.43958  0.01141  0.50406  0.04200  0.00295  0.00000
  0.00000  0.00000  0.43958  0.01141  0.50406  0.04200  0.00295
 
     7    0.02413    0.12432    1.12914    2.44073    3.58725    4.27440    4.59545
 
FROM    7 TO    8
  0.00000  0.12464  0.53933  0.10681  0.22923  0.00000  0.00000
  0.00000  0.00000  0.12464  0.53933  0.10681  0.22923  0.00000
  0.00000  0.35435  0.52101  0.12464  0.00000  0.00000  0.00000
  0.00000  0.64565  0.35435  0.00000  0.00000  0.00000  0.00000
  0.00000  0.00000  0.00000  0.01366  0.45336  0.53298  0.00000
  0.00000  0.00000  0.00000  0.32238  0.43983  0.23779  0.00000
  0.00000  0.00000  0.00000  0.00000  0.32238  0.43983  0.23779
 
     8    0.57039    0.68538    1.21392    2.44325    3.71991    5.28810    5.93548
 
FROM    8 TO    9
  0.29594  0.06136  0.02414  0.54937  0.06919  0.00000  0.00000
  0.00000  0.29594  0.06136  0.02414  0.54937  0.06919  0.00000
  0.00000  0.00000  0.13721  0.06356  0.44585  0.35338  0.00000
  0.00000  0.70406  0.29594  0.00000  0.00000  0.00000  0.00000
  0.00000  0.00000  0.00000  0.44263  0.00442  0.55296  0.00000
  0.00000  0.00000  0.50549  0.46967  0.00036  0.02447  0.00000
  0.00000  0.00000  0.00000  0.50549  0.46967  0.00036  0.02447
 
     9    1.62251    1.63576    1.95911    2.39452    4.10253    5.44415    5.76727
 
FROM    9 TO   10
  0.00000  0.00000  0.00000  0.37410  0.62590  0.00000  0.00000
  0.00000  0.00000  0.00000  0.00000  0.37410  0.62590  0.00000
  0.00000  0.56832  0.04171  0.06509  0.01157  0.31331  0.00000
  0.00000  0.00000  0.00000  0.45310  0.53345  0.01345  0.00000
  0.00000  0.43168  0.45829  0.05952  0.05050  0.00000  0.00000
  0.00000  0.00000  0.00000  0.42228  0.53038  0.04734  0.00000
  0.00000  0.00000  0.00000  0.00000  0.42228  0.53038  0.04734
 
    10    1.12633    1.58049    2.42168    3.65225    4.35557    5.29219    5.82363
 
FROM   10 TO   11
  0.55157  0.44843  0.00000  0.00000  0.00000  0.00000  0.00000
  0.00000  0.55157  0.44843  0.00000  0.00000  0.00000  0.00000
  0.00000  0.89687  0.10313  0.00000  0.00000  0.00000  0.00000
  0.00000  0.00000  0.45949  0.03813  0.50238  0.00000  0.00000
  0.00000  0.00000  0.00000  0.26021  0.31978  0.42002  0.00000
  0.00000  0.00000  0.04051  0.57155  0.01796  0.36998  0.00000
  0.00000  0.00000  0.00000  0.04051  0.57155  0.01796  0.36998
 
    11    0.00704    0.04820    0.56514    2.38594    3.06819    4.63891    5.76245
 
FROM   11 TO   12
  0.00000  0.00000  0.00000  0.35621  0.64379  0.00000  0.00000
  0.00000  0.00000  0.00000  0.00000  0.35621  0.64379  0.00000
  0.00000  0.00000  0.00000  0.45564  0.54436  0.00000  0.00000
  0.00000  0.46184  0.00000  0.50183  0.03632  0.00000  0.00000
  0.00000  0.53816  0.02231  0.03976  0.04356  0.35621  0.00000
  0.00000  0.00000  0.47769  0.00276  0.51955  0.00000  0.00000
  0.00000  0.00000  0.00000  0.47769  0.00276  0.51955  0.00000
 
    12    1.26685    1.48897    2.32832    3.06891    4.33239    5.07850    5.48080
 
FROM   12 TO   13
  0.00000  0.00000  0.31318  0.00000  0.68682  0.00000  0.00000
  0.00000  0.00000  0.00000  0.31318  0.00000  0.68682  0.00000
  0.00000  0.04734  0.18371  0.76895  0.00000  0.00000  0.00000
  0.00000  0.97633  0.02367  0.00000  0.00000  0.00000  0.00000
  0.00000  0.00000  0.58965  0.18324  0.02199  0.20512  0.00000
  0.00000  0.00000  0.00000  0.02748  0.96702  0.00550  0.00000
  0.00000  0.00000  0.00000  0.00000  0.02748  0.96702  0.00550
 
    13    0.97671    1.13917    1.73730    2.50666    2.85954    3.89935    4.22209
 
FROM   13 TO   14
  0.06811  0.05087  0.49197  0.00000  0.38905  0.00000  0.00000
  0.00000  0.06811  0.05087  0.49197  0.00000  0.38905  0.00000
  0.00000  0.36619  0.00000  0.50580  0.04475  0.08326  0.00000
  0.00000  0.54287  0.03246  0.00000  0.42468  0.00000  0.00000
  0.00000  0.00000  0.38748  0.00000  0.53057  0.08195  0.00000
  0.00000  0.02283  0.52920  0.00223  0.00000  0.44574  0.00000
  0.00000  0.00000  0.02283  0.52920  0.00223  0.00000  0.44574
 
    14    0.30455    0.50847    1.38428    2.56841    3.56989    4.29077    4.35027
 
FROM   14 TO   15
  0.00000  0.00000  0.21521  0.18358  0.60121  0.00000  0.00000
  0.00000  0.00000  0.00000  0.21521  0.18358  0.60121  0.00000
  0.00000  0.48697  0.04129  0.18165  0.29010  0.00000  0.00000
  0.00000  0.51303  0.45871  0.02825  0.00000  0.00000  0.00000
  0.00000  0.00000  0.00000  0.57489  0.20810  0.21701  0.00000
  0.00000  0.00000  0.00000  0.00000  0.81822  0.18178  0.00000
  0.00000  0.00000  0.00000  0.00000  0.00000  0.81822  0.18178
 
    15    0.54058    0.54853    1.70022    2.45104    3.00499    3.68055    3.95972
 
FROM   15 TO   16
  0.00000  0.42373  0.47410  0.05088  0.05129  0.00000  0.00000
  0.00000  0.00000  0.42373  0.47410  0.05088  0.05129  0.00000
  0.00000  0.00000  0.00000  0.00000  0.90054  0.09946  0.00000
  0.00000  0.48850  0.02844  0.03720  0.04068  0.40519  0.00000
  0.00000  0.34100  0.36522  0.00918  0.28460  0.00000  0.00000
  0.00000  0.00000  0.00000  0.47494  0.03128  0.49379  0.00000
  0.00000  0.00000  0.00000  0.00000  0.47494  0.03128  0.49379
 
    16    0.51057    0.56326    1.06594    1.57071    2.45989    4.10859    4.47077
 
FROM   16 TO   17
  0.02961  0.01694  0.50198  0.00000  0.45147  0.00000  0.00000
  0.00000  0.02961  0.01694  0.50198  0.00000  0.45147  0.00000
  0.00000  0.01293  0.00684  0.00353  0.49106  0.48565  0.00000
  0.00000  0.48104  0.00000  0.49449  0.00693  0.01754  0.00000
  0.00000  0.01468  0.50622  0.00000  0.47910  0.00000  0.00000
  0.00000  0.46175  0.47000  0.00000  0.02291  0.04535  0.00000
  0.00000  0.00000  0.46175  0.47000  0.00000  0.02291  0.04535
 
    17    0.02379    0.16629    0.66925    1.55989    3.07902    4.05568    4.10682
 
FROM   17 TO   18
  0.60965  0.03178  0.00000  0.35858  0.00000  0.00000  0.00000
  0.00000  0.60965  0.03178  0.00000  0.35858  0.00000  0.00000
  0.00000  0.00000  0.42198  0.00000  0.02251  0.55551  0.00000
  0.00000  0.37058  0.02617  0.01837  0.56362  0.02127  0.00000
  0.00000  0.01978  0.07458  0.51444  0.02109  0.37010  0.00000
  0.00000  0.00000  0.44549  0.46719  0.03421  0.05311  0.00000
  0.00000  0.00000  0.00000  0.44549  0.46719  0.03421  0.05311
 
    18    0.35175    0.84205    1.95052    2.52605    2.95063    4.14538    4.47125
 
FROM   18 TO   19
  0.04549  0.02330  0.04524  0.46565  0.42032  0.00000  0.00000
  0.00000  0.04549  0.02330  0.04524  0.46565  0.42032  0.00000
  0.00000  0.00000  0.00000  0.40077  0.51604  0.08318  0.00000
  0.00000  0.02678  0.47740  0.49583  0.00000  0.00000  0.00000
  0.00000  0.47605  0.00318  0.03149  0.00266  0.48662  0.00000
  0.00000  0.45168  0.49612  0.02667  0.01564  0.00988  0.00000
  0.00000  0.00000  0.45168  0.49612  0.02667  0.01564  0.00988
 
    19    0.12230    0.22403    0.90699    0.99519    1.69790    2.10354    2.21554
 
FROM   19 TO   20
  0.99548  0.00452  0.00000  0.00000  0.00000  0.00000  0.00000
  0.00000  0.99548  0.00452  0.00000  0.00000  0.00000  0.00000
  0.00000  0.00000  0.54080  0.00000  0.45920  0.00000  0.00000
  0.00000  0.00000  0.36605  0.00873  0.06525  0.55998  0.00000
  0.00000  0.00000  0.02138  0.51595  0.02265  0.44002  0.00000
  0.00000  0.00452  0.06725  0.47532  0.45291  0.00000  0.00000
  0.00000  0.00000  0.00452  0.06725  0.47532  0.45291  0.00000
 
    20    0.12916    0.20027    0.64262    1.31593    1.54246    1.89414    2.05671
 
FROM   20 TO   21
  0.00000  0.47665  0.00000  0.01795  0.50541  0.00000  0.00000
  0.00000  0.00000  0.47665  0.00000  0.01795  0.50541  0.00000
  0.00000  0.40984  0.00000  0.00209  0.54910  0.03897  0.00000
  0.00000  0.06485  0.50320  0.00000  0.43195  0.00000  0.00000
  0.00000  0.52530  0.01650  0.00257  0.00000  0.45562  0.00000
  0.00000  0.00000  0.00365  0.99534  0.00101  0.00000  0.00000
  0.00000  0.00000  0.00000  0.00365  0.99534  0.00101  0.00000
 
    21    0.67411    0.77545    1.47153    1.59142    2.03062    2.18641    2.18875
 
FROM   21 TO   22
  0.03830  0.05298  0.48462  0.42410  0.00000  0.00000  0.00000
  0.00000  0.03830  0.05298  0.48462  0.42410  0.00000  0.00000
  0.00000  0.42844  0.00000  0.50862  0.03747  0.02547  0.00000
  0.00000  0.53327  0.05698  0.00677  0.00000  0.40299  0.00000
  0.00000  0.00000  0.50645  0.00000  0.49355  0.00000  0.00000
  0.00000  0.00000  0.38358  0.00000  0.04488  0.57154  0.00000
  0.00000  0.00000  0.00000  0.38358  0.00000  0.04488  0.57154
 
    22    0.43016    0.53406    0.76037    1.21515    1.66985    1.98535    2.12996
 
FROM   22 TO   23
  0.00537  0.48279  0.51184  0.00000  0.00000  0.00000  0.00000
  0.00000  0.00537  0.48279  0.51184  0.00000  0.00000  0.00000
  0.00000  0.69696  0.00000  0.30304  0.00000  0.00000  0.00000
  0.00000  0.29767  0.05101  0.11834  0.52591  0.00707  0.00000
  0.00000  0.00000  0.00000  0.02996  0.47409  0.49595  0.00000
  0.00000  0.00000  0.46620  0.03682  0.00000  0.49698  0.00000
  0.00000  0.00000  0.00000  0.46620  0.03682  0.00000  0.49698
 
    23    0.01074    0.23267    0.64231    0.69913    1.28387    1.93481    1.94839
 
FROM   23 TO   24
  0.52608  0.03672  0.43720  0.00000  0.00000  0.00000  0.00000
  0.00000  0.52608  0.03672  0.43720  0.00000  0.00000  0.00000
  0.00000  0.47392  0.02981  0.07974  0.00000  0.41653  0.00000
  0.00000  0.00000  0.43864  0.02827  0.02145  0.51164  0.00000
  0.00000  0.00000  0.49483  0.04969  0.45548  0.00000  0.00000
  0.00000  0.00000  0.00000  0.40510  0.52307  0.07183  0.00000
  0.00000  0.00000  0.00000  0.00000  0.40510  0.52307  0.07183
 
    24    0.43450    0.51829    0.62258    0.96700    1.83253    2.23872    2.36418
 
FROM   24 TO   25
  0.00000  0.00000  0.44274  0.55726  0.00000  0.00000  0.00000
  0.00000  0.00000  0.00000  0.44274  0.55726  0.00000  0.00000
  0.00000  0.42665  0.50556  0.06073  0.00706  0.00000  0.00000
  0.00000  0.57335  0.04172  0.38492  0.00000  0.00000  0.00000
  0.00000  0.00000  0.45272  0.11161  0.16129  0.27439  0.00000
  0.00000  0.00000  0.00000  0.00000  0.27439  0.72561  0.00000
  0.00000  0.00000  0.00000  0.00000  0.00000  0.27439  0.72561
 
    25    0.27289    0.29768    0.66970    1.38311    2.09400    2.26877    2.27236
 
FROM   25 TO   26
  0.00000  0.36062  0.54961  0.08090  0.00886  0.00000  0.00000
  0.00000  0.00000  0.36062  0.54961  0.08090  0.00886  0.00000
  0.00000  0.55420  0.06092  0.38488  0.00000  0.00000  0.00000
  0.00000  0.44580  0.05640  0.04038  0.45743  0.00000  0.00000
  0.00000  0.00000  0.02206  0.02513  0.95281  0.00000  0.00000
  0.00000  0.00000  0.00000  0.00000  0.00886  0.99114  0.00000
  0.00000  0.00000  0.00000  0.00000  0.00000  0.00886  0.99114
 
    26    0.23373    0.28986    0.72453    1.39418    1.76735    2.15033    2.27622
 
FROM   26 TO   27
  0.10600  0.53802  0.35598  0.00000  0.00000  0.00000  0.00000
  0.00000  0.10600  0.53802  0.35598  0.00000  0.00000  0.00000
  0.00000  0.95385  0.00000  0.04615  0.00000  0.00000  0.00000
  0.00000  0.00000  0.00000  0.03256  0.00340  0.96404  0.00000
  0.00000  0.00000  0.00000  0.31163  0.66440  0.02397  0.00000
  0.00000  0.41708  0.46198  0.12095  0.00000  0.00000  0.00000
  0.00000  0.00000  0.41708  0.46198  0.12095  0.00000  0.00000
 
    27    0.29696    0.31226    0.50405    1.08352    1.44038    1.92213    2.21158
 
FROM   27 TO   28
  0.43277  0.51200  0.05523  0.00000  0.00000  0.00000  0.00000
  0.00000  0.43277  0.51200  0.05523  0.00000  0.00000  0.00000
  0.00000  0.00000  0.00000  0.00574  0.49992  0.49434  0.00000
  0.00000  0.00000  0.00000  0.39211  0.50008  0.10781  0.00000
  0.00000  0.01790  0.47643  0.50567  0.00000  0.00000  0.00000
  0.00000  0.54933  0.01157  0.04125  0.00000  0.39785  0.00000
  0.00000  0.00000  0.54933  0.01157  0.04125  0.00000  0.39785
 
    28    0.34233    0.55240    1.89815    2.05413    2.18295    2.31125    2.31343
 
FROM   28 TO   29
  0.42957  0.15298  0.06020  0.35724  0.00000  0.00000  0.00000
  0.00000  0.42957  0.15298  0.06020  0.35724  0.00000  0.00000
  0.00000  0.00000  0.44198  0.06271  0.06318  0.43213  0.00000
  0.00000  0.57043  0.06841  0.36116  0.00000  0.00000  0.00000
  0.00000  0.00000  0.33662  0.51593  0.07222  0.07523  0.00000
  0.00000  0.00000  0.00000  0.00000  0.50737  0.49263  0.00000
  0.00000  0.00000  0.00000  0.00000  0.00000  0.50737  0.49263
 
    29    0.43890    0.48377    1.06476    1.35980    1.64091    2.31606    2.32757
 
FROM   29 TO   30
  0.41007  0.00000  0.33217  0.25776  0.00000  0.00000  0.00000
  0.00000  0.41007  0.00000  0.33217  0.25776  0.00000  0.00000
  0.00000  0.07883  0.52387  0.39730  0.00000  0.00000  0.00000
  0.00000  0.00000  0.00000  0.00000  0.05066  0.94934  0.00000
  0.00000  0.00000  0.00000  0.25776  0.69158  0.05066  0.00000
  0.00000  0.51110  0.47613  0.01277  0.00000  0.00000  0.00000
  0.00000  0.00000  0.51110  0.47613  0.01277  0.00000  0.00000
 
    30    0.35907    0.38397    0.47616    1.22941    2.00014    2.23011    2.25485
 
FROM   30 TO   31
  0.45647  0.02015  0.51847  0.00491  0.00000  0.00000  0.00000
  0.00000  0.45647  0.02015  0.51847  0.00491  0.00000  0.00000
  0.00000  0.53296  0.01252  0.45452  0.00000  0.00000  0.00000
  0.00000  0.00000  0.40962  0.00000  0.04541  0.54498  0.00000
  0.00000  0.00000  0.02235  0.01933  0.50330  0.45502  0.00000
  0.00000  0.01056  0.53538  0.00768  0.44638  0.00000  0.00000
  0.00000  0.00000  0.01056  0.53538  0.00768  0.44638  0.00000
 
    31    0.05316    0.05575    0.66096    1.06617    1.80965    2.16463    2.39334
 
FROM   31 TO   32
  0.00802  0.49053  0.49832  0.00313  0.00000  0.00000  0.00000
  0.00000  0.00802  0.49053  0.49832  0.00313  0.00000  0.00000
  0.00000  0.04248  0.01066  0.49861  0.44825  0.00000  0.00000
  0.00000  0.54032  0.01128  0.00307  0.00000  0.44534  0.00000
  0.00000  0.00360  0.48754  0.00000  0.00764  0.50123  0.00000
  0.00000  0.40557  0.00000  0.00000  0.54099  0.05344  0.00000
  0.00000  0.00000  0.40557  0.00000  0.00000  0.54099  0.05344
 
    32    0.24853    0.36015    0.50585    0.70774    1.26907    1.39957    1.40143
 
FROM   32 TO   33
  0.34520  0.09529  0.06775  0.49176  0.00000  0.00000  0.00000
  0.00000  0.34520  0.09529  0.06775  0.49176  0.00000  0.00000
  0.00000  0.00000  0.05951  0.03833  0.47603  0.42614  0.00000
  0.00000  0.65480  0.34520  0.00000  0.00000  0.00000  0.00000
  0.00000  0.00000  0.00000  0.39650  0.52529  0.07821  0.00000
  0.00000  0.00000  0.00000  0.49742  0.00692  0.49566  0.00000
  0.00000  0.00000  0.00000  0.00000  0.49742  0.00692  0.49566
 
    33    0.48491    0.63960    1.06356    1.30827    1.83506    2.11846    2.13360
 
FROM   33 TO   34
  0.50447  0.48241  0.01313  0.00000  0.00000  0.00000  0.00000
  0.00000  0.50447  0.48241  0.01313  0.00000  0.00000  0.00000
  0.00000  0.00000  0.00000  0.00000  0.00000  1.00000  0.00000
  0.00000  0.49553  0.01759  0.08780  0.39908  0.00000  0.00000
  0.00000  0.00000  0.00000  0.25504  0.70811  0.03684  0.00000
  0.00000  0.00000  0.00000  0.51651  0.03875  0.44473  0.00000
  0.00000  0.00000  0.00000  0.00000  0.51651  0.03875  0.44473
 
    34    0.20495    0.22114    0.78767    1.29473    1.66337    2.24555    2.32301
 
FROM   34 TO   35
  0.05370  0.52373  0.01939  0.00000  0.40318  0.00000  0.00000
  0.00000  0.05370  0.52373  0.01939  0.00000  0.40318  0.00000
  0.00000  0.97627  0.00000  0.00000  0.01380  0.00993  0.00000
  0.00000  0.00000  0.45326  0.47887  0.03304  0.03482  0.00000
  0.00000  0.25093  0.00000  0.00000  0.37772  0.37135  0.00000
  0.00000  0.08177  0.02301  0.50174  0.39348  0.00000  0.00000
  0.00000  0.00000  0.08177  0.02301  0.50174  0.39348  0.00000
 
    35    0.05504    0.09498    0.49488    0.72981    1.54388    2.07984    2.34110
 
FROM   35 TO   36
  0.00065  0.49439  0.50195  0.00160  0.00142  0.00000  0.00000
  0.00000  0.00065  0.49439  0.50195  0.00160  0.00142  0.00000
  0.00000  0.45931  0.00000  0.00049  0.50408  0.03612  0.00000
  0.00000  0.50667  0.00000  0.00038  0.00000  0.49296  0.00000
  0.00000  0.02688  0.00930  0.00000  0.49432  0.46950  0.00000
  0.00000  0.00650  0.49631  0.49719  0.00000  0.00000  0.00000
  0.00000  0.00000  0.00650  0.49631  0.49719  0.00000  0.00000
 
    36    0.55841    0.67959    0.94446    1.39273    1.46329    2.03958    2.14197
 
FROM   36 TO   37
  0.33113  0.00000  0.01586  0.08157  0.57144  0.00000  0.00000
  0.00000  0.33113  0.00000  0.01586  0.08157  0.57144  0.00000
  0.00000  0.00932  0.00833  0.51968  0.03410  0.42856  0.00000
  0.00000  0.53602  0.00000  0.00000  0.46398  0.00000  0.00000
  0.00000  0.02585  0.49046  0.00000  0.48369  0.00000  0.00000
  0.00000  0.09767  0.00121  0.46446  0.43666  0.00000  0.00000
  0.00000  0.00000  0.09767  0.00121  0.46446  0.43666  0.00000
 
    37    0.00394    0.32717    0.90995    1.20354    1.46127    1.94074    2.06527
 
FROM   37 TO   38
  0.00935  0.01482  0.48866  0.48718  0.00000  0.00000  0.00000
  0.00000  0.00935  0.01482  0.48866  0.48718  0.00000  0.00000
  0.00000  0.98279  0.00000  0.00232  0.00463  0.01026  0.00000
  0.00000  0.00000  0.44463  0.00000  0.00126  0.55411  0.00000
  0.00000  0.30797  0.00281  0.34012  0.34437  0.00473  0.00000
  0.00000  0.03731  0.03634  0.00000  0.49268  0.43367  0.00000
  0.00000  0.00000  0.03731  0.03634  0.00000  0.49268  0.43367
 
    38    0.22818    0.25564    0.56697    1.24117    1.34196    2.20630    2.38711
 
FROM   38 TO   39
  0.00000  0.00000  0.00000  0.31927  0.68073  0.00000  0.00000
  0.00000  0.00000  0.00000  0.00000  0.31927  0.68073  0.00000
  0.00000  0.07231  0.00000  0.00000  0.92769  0.00000  0.00000
  0.00000  0.45326  0.01473  0.06498  0.14775  0.31927  0.00000
  0.00000  0.32343  0.00000  0.62335  0.05323  0.00000  0.00000
  0.00000  0.02544  0.48527  0.00000  0.48929  0.00000  0.00000
  0.00000  0.00000  0.02544  0.48527  0.00000  0.48929  0.00000
 
    39    0.04988    0.08067    0.46158    0.84067    0.94509    1.73889    1.94228
 
FROM   39 TO   40
  0.52715  0.47285  0.00000  0.00000  0.00000  0.00000  0.00000
  0.00000  0.52715  0.47285  0.00000  0.00000  0.00000  0.00000
  0.00000  0.00000  0.00000  0.85885  0.00000  0.14115  0.00000
  0.00000  0.03744  0.07898  0.51440  0.00000  0.36918  0.00000
  0.00000  0.29027  0.05149  0.01619  0.64204  0.00000  0.00000
  0.00000  0.00000  0.37093  0.03189  0.03694  0.56024  0.00000
  0.00000  0.00000  0.00000  0.37093  0.03189  0.03694  0.56024
 
    40    0.49915    0.51800    0.88274    1.57947    1.70131    2.11561    2.36550
 
FROM   40 TO   41
  0.00000  0.00000  0.06076  0.93924  0.00000  0.00000  0.00000
  0.00000  0.00000  0.00000  0.06076  0.93924  0.00000  0.00000
  0.00000  0.55327  0.44673  0.00000  0.00000  0.00000  0.00000
  0.00000  0.44673  0.14163  0.41164  0.00000  0.00000  0.00000
  0.00000  0.00000  0.00000  0.35296  0.00000  0.64704  0.00000
  0.00000  0.00000  0.41164  0.17464  0.06076  0.35296  0.00000
  0.00000  0.00000  0.00000  0.41164  0.17464  0.06076  0.35296
 
    41    0.17078    0.26300    0.61714    0.75506    0.99098    1.63098    1.81091
 
FROM   41 TO   42
  0.49323  0.02666  0.00687  0.00734  0.46590  0.00000  0.00000
  0.00000  0.49323  0.02666  0.00687  0.00734  0.46590  0.00000
  0.00000  0.46616  0.01106  0.00195  0.02675  0.49409  0.00000
  0.00000  0.00000  0.00610  0.99118  0.00272  0.00000  0.00000
  0.00000  0.04062  0.54052  0.00000  0.41886  0.00000  0.00000
  0.00000  0.00000  0.41566  0.00000  0.54433  0.04001  0.00000
  0.00000  0.00000  0.00000  0.41566  0.00000  0.54433  0.04001
 
    42    0.23336    0.24311    0.57720    0.88818    1.59682    1.85265    1.92599
 
FROM   42 TO   43
  0.46332  0.17880  0.05541  0.30246  0.00000  0.00000  0.00000
  0.00000  0.46332  0.17880  0.05541  0.30246  0.00000  0.00000
  0.00000  0.00000  0.35082  0.00000  0.58757  0.06161  0.00000
  0.00000  0.00000  0.00000  0.41769  0.05865  0.52365  0.00000
  0.00000  0.53668  0.46332  0.00000  0.00000  0.00000  0.00000
  0.00000  0.00000  0.00705  0.52690  0.05131  0.41473  0.00000
  0.00000  0.00000  0.00000  0.00705  0.52690  0.05131  0.41473
 
    43    0.00505    0.07336    0.60362    0.94100    1.59424    2.16359    2.23803
 
FROM   43 TO   44
  0.03431  0.50593  0.00000  0.45976  0.00000  0.00000  0.00000
  0.00000  0.03431  0.50593  0.00000  0.45976  0.00000  0.00000
  0.00000  0.46769  0.00003  0.05074  0.04688  0.43465  0.00000
  0.00000  0.02902  0.00541  0.49901  0.46656  0.00000  0.00000
  0.00000  0.46898  0.48863  0.02637  0.01603  0.00000  0.00000
  0.00000  0.00000  0.00000  0.42388  0.01077  0.56535  0.00000
  0.00000  0.00000  0.00000  0.00000  0.42388  0.01077  0.56535
 
    44    0.03056    0.10080    0.68758    1.28646    1.58632    2.13750    2.21460
 
FROM   44 TO   45
  0.06409  0.72158  0.21432  0.00000  0.00000  0.00000  0.00000
  0.00000  0.06409  0.72158  0.21432  0.00000  0.00000  0.00000
  0.00000  0.00000  0.00000  0.38319  0.57572  0.04109  0.00000
  0.00000  0.00000  0.21432  0.39013  0.39554  0.00000  0.00000
  0.00000  0.00000  0.00000  0.01235  0.02874  0.95891  0.00000
  0.00000  0.93591  0.06409  0.00000  0.00000  0.00000  0.00000
  0.00000  0.00000  0.93591  0.06409  0.00000  0.00000  0.00000
 
    45    0.00531    0.35689    0.80857    1.08164    2.06486    2.26137    2.35205
 
FROM   45 TO   46
  0.00000  0.00000  0.36303  0.45430  0.18267  0.00000  0.00000
  0.00000  0.00000  0.00000  0.36303  0.45430  0.18267  0.00000
  0.00000  0.01044  0.01839  0.09484  0.53511  0.34122  0.00000
  0.00000  0.47630  0.00000  0.52370  0.00000  0.00000  0.00000
  0.00000  0.00000  0.00000  0.01330  0.51059  0.47611  0.00000
  0.00000  0.51326  0.48161  0.00513  0.00000  0.00000  0.00000
  0.00000  0.00000  0.51326  0.48161  0.00513  0.00000  0.00000
 
    46    0.00977    0.02030    0.51121    1.16731    1.43620    2.18809    2.31868
 
FROM   46 TO   47
  0.47252  0.00709  0.01453  0.50586  0.00000  0.00000  0.00000
  0.00000  0.47252  0.00709  0.01453  0.50586  0.00000  0.00000
  0.00000  0.09260  0.09571  0.01369  0.00000  0.79800  0.00000
  0.00000  0.00000  0.38352  0.00000  0.01548  0.60100  0.00000
  0.00000  0.32079  0.02972  0.64950  0.00000  0.00000  0.00000
  0.00000  0.00000  0.51696  0.00438  0.47866  0.00000  0.00000
  0.00000  0.00000  0.00000  0.51696  0.00438  0.47866  0.00000
 
    47    0.35000    0.37377    0.45205    0.92557    1.32931    2.03362    2.35553
 
FROM   47 TO   48
  0.95994  0.04006  0.00000  0.00000  0.00000  0.00000  0.00000
  0.00000  0.95994  0.04006  0.00000  0.00000  0.00000  0.00000
  0.00000  0.00000  0.36235  0.02937  0.51310  0.09517  0.00000
  0.00000  0.04006  0.17834  0.51915  0.26245  0.00000  0.00000
  0.00000  0.00000  0.00000  0.00000  0.09517  0.90483  0.00000
  0.00000  0.00000  0.41924  0.45148  0.12928  0.00000  0.00000
  0.00000  0.00000  0.00000  0.41924  0.45148  0.12928  0.00000
 
    48    0.18110    0.20673    0.48664    0.95953    2.03290    2.61033    2.61328
 
FROM   48 TO   49
  0.46183  0.00000  0.51019  0.02798  0.00000  0.00000  0.00000
  0.00000  0.46183  0.00000  0.51019  0.02798  0.00000  0.00000
  0.00000  0.02798  0.50000  0.00000  0.47202  0.00000  0.00000
  0.00000  0.00000  0.00000  0.00000  0.56285  0.43715  0.00000
  0.00000  0.00000  0.00000  0.00000  0.43715  0.56285  0.00000
  0.00000  0.51019  0.00000  0.48981  0.00000  0.00000  0.00000
  0.00000  0.00000  0.51019  0.00000  0.48981  0.00000  0.00000
 
    49    0.40090    0.61768    1.42001    1.84574    2.45441    2.81695    2.85512
 
FROM   49 TO   50
  0.68748  0.31252  0.00000  0.00000  0.00000  0.00000  0.00000
  0.00000  0.68748  0.31252  0.00000  0.00000  0.00000  0.00000
  0.00000  0.00000  0.03526  0.00000  0.96474  0.00000  0.00000
  0.00000  0.31252  0.21516  0.10754  0.01950  0.34528  0.00000
  0.00000  0.00000  0.00000  0.59497  0.00000  0.40503  0.00000
  0.00000  0.00000  0.45469  0.00000  0.49813  0.04718  0.00000
  0.00000  0.00000  0.00000  0.45469  0.00000  0.49813  0.04718
 
    50    0.10465    0.32469    1.15613    1.54778    1.88869    2.57282    2.80739
 
FROM   50 TO   51
  0.00000  0.44378  0.00000  0.01787  0.53835  0.00000  0.00000
  0.00000  0.00000  0.44378  0.00000  0.01787  0.53835  0.00000
  0.00000  0.51005  0.01589  0.00000  0.47407  0.00000  0.00000
  0.00000  0.02147  0.02813  0.01314  0.49175  0.44551  0.00000
  0.00000  0.45820  0.00000  0.50935  0.01631  0.01614  0.00000
  0.00000  0.01028  0.51220  0.47752  0.00000  0.00000  0.00000
  0.00000  0.00000  0.01028  0.51220  0.47752  0.00000  0.00000
 
    51    0.33284    0.35400    0.54720    1.34880    1.82312    2.59381    2.87505
 
FROM   51 TO   52
  0.00000  0.42156  0.00000  0.00923  0.56920  0.00000  0.00000
  0.00000  0.00000  0.42156  0.00000  0.00923  0.56920  0.00000
  0.00000  0.54593  0.05114  0.01193  0.00000  0.39101  0.00000
  0.00000  0.00000  0.01205  0.98664  0.00000  0.00130  0.00000
  0.00000  0.45407  0.02662  0.00143  0.49967  0.01821  0.00000
  0.00000  0.00000  0.48862  0.00000  0.49110  0.02028  0.00000
  0.00000  0.00000  0.00000  0.48862  0.00000  0.49110  0.02028
 
    52    0.77919    0.90381    1.45041    1.56415    2.35502    2.68196    2.87590
 
FROM   52 TO   53
  0.00000  0.00041  0.99947  0.00007  0.00005  0.00000  0.00000
  0.00000  0.00000  0.00041  0.99947  0.00007  0.00005  0.00000
  0.00000  0.51907  0.48093  0.00000  0.00000  0.00000  0.00000
  0.00000  0.00000  0.00005  0.00000  0.00000  0.99995  0.00000
  0.00000  0.00000  0.00007  0.00000  0.99993  0.00000  0.00000
  0.00000  0.48093  0.51853  0.00053  0.00000  0.00000  0.00000
  0.00000  0.00000  0.48093  0.51853  0.00053  0.00000  0.00000
 
    53    0.17467    0.22761    1.78797    2.73672    4.14041    5.17898    5.51967
 
FROM   53 TO   54
  0.01166  0.50515  0.48319  0.00000  0.00000  0.00000  0.00000
  0.00000  0.01166  0.50515  0.48319  0.00000  0.00000  0.00000
  0.00000  0.00751  0.00330  0.00380  0.49632  0.48907  0.00000
  0.00000  0.48227  0.00000  0.00667  0.00771  0.50335  0.00000
  0.00000  0.48570  0.48415  0.01068  0.01189  0.00758  0.00000
  0.00000  0.01286  0.00740  0.49566  0.48408  0.00000  0.00000
  0.00000  0.00000  0.01286  0.00740  0.49566  0.48408  0.00000
 
    54    0.36848    0.40422    0.73862    4.01146    5.10503    5.47468    5.66513
 
FROM   54 TO   55
  0.00280  0.98677  0.01043  0.00000  0.00000  0.00000  0.00000
  0.00000  0.00280  0.98677  0.01043  0.00000  0.00000  0.00000
  0.00000  0.42947  0.00000  0.04276  0.52777  0.00000  0.00000
  0.00000  0.00638  0.01323  0.54332  0.00795  0.42912  0.00000
  0.00000  0.00000  0.00000  0.40338  0.02575  0.57088  0.00000
  0.00000  0.56136  0.00000  0.00011  0.43853  0.00000  0.00000
  0.00000  0.00000  0.56136  0.00000  0.00011  0.43853  0.00000
 
    55    0.19065    0.42969    3.26640    4.06462    5.03510    5.79776    5.92018
 
FROM   55 TO   56
  0.42781  0.03716  0.02036  0.06675  0.44792  0.00000  0.00000
  0.00000  0.42781  0.03716  0.02036  0.06675  0.44792  0.00000
  0.00000  0.00000  0.01087  0.97964  0.00949  0.00000  0.00000
  0.00000  0.00000  0.34830  0.00000  0.09962  0.55208  0.00000
  0.00000  0.00000  0.54177  0.00000  0.45823  0.00000  0.00000
  0.00000  0.57219  0.06191  0.00000  0.36590  0.00000  0.00000
  0.00000  0.00000  0.57219  0.06191  0.00000  0.36590  0.00000
 
    56    0.27639    0.89193    2.05303    3.07340    4.24246    4.94657    5.36175
 
FROM   56 TO   57
  0.00000  0.00000  0.18134  0.00000  0.81866  0.00000  0.00000
  0.00000  0.00000  0.00000  0.18134  0.00000  0.81866  0.00000
  0.00000  0.00000  0.00487  0.75608  0.06507  0.17398  0.00000
  0.00000  0.00184  0.99513  0.00303  0.00000  0.00000  0.00000
  0.00000  0.00000  0.00000  0.05771  0.93493  0.00735  0.00000
  0.00000  0.99816  0.00000  0.00184  0.00000  0.00000  0.00000
  0.00000  0.00000  0.99816  0.00000  0.00184  0.00000  0.00000
 
    57    0.98769    1.13993    1.54595    2.82067    3.04984    4.60651    5.78949
 
FROM   57 TO   58
  0.22240  0.03117  0.68813  0.04026  0.01804  0.00000  0.00000
  0.00000  0.22240  0.03117  0.68813  0.04026  0.01804  0.00000
  0.00000  0.00000  0.38998  0.07499  0.01071  0.52432  0.00000
  0.00000  0.77760  0.15601  0.06639  0.00000  0.00000  0.00000
  0.00000  0.00000  0.42284  0.09294  0.48422  0.00000  0.00000
  0.00000  0.00000  0.00000  0.07756  0.46480  0.45764  0.00000
  0.00000  0.00000  0.00000  0.00000  0.07756  0.46480  0.45764
 
    58    0.25492    0.64574    1.04807    1.74605    3.82622    4.71795    5.07624
 
FROM   58 TO   59
  0.00000  0.00000  0.00000  0.12454  0.87546  0.00000  0.00000
  0.00000  0.00000  0.00000  0.00000  0.12454  0.87546  0.00000
  0.00000  0.29159  0.06514  0.60299  0.04028  0.00000  0.00000
  0.00000  0.65912  0.34088  0.00000  0.00000  0.00000  0.00000
  0.00000  0.00000  0.00000  0.35296  0.52250  0.12454  0.00000
  0.00000  0.04929  0.59398  0.04405  0.31268  0.00000  0.00000
  0.00000  0.00000  0.04929  0.59398  0.04405  0.31268  0.00000
 
    59    0.94625    1.49512    2.75323    3.23576    4.16285    5.28439    5.66882
 
FROM   59 TO   60
  0.00000  0.40822  0.10716  0.04399  0.44063  0.00000  0.00000
  0.00000  0.00000  0.40822  0.10716  0.04399  0.44063  0.00000
  0.00000  0.99805  0.00195  0.00000  0.00000  0.00000  0.00000
  0.00000  0.00195  0.55273  0.03002  0.41530  0.00000  0.00000
  0.00000  0.00000  0.00000  0.26907  0.54071  0.19022  0.00000
  0.00000  0.00000  0.03709  0.59376  0.00000  0.36915  0.00000
  0.00000  0.00000  0.00000  0.03709  0.59376  0.00000  0.36915
 
    60    0.28302    0.37922    1.38918    3.84253    4.41314    4.84413    4.84459
 
FROM   60 TO   61
  0.00653  0.50143  0.00000  0.49204  0.00000  0.00000  0.00000
  0.00000  0.00653  0.50143  0.00000  0.49204  0.00000  0.00000
  0.00000  0.00000  0.47855  0.50190  0.00509  0.01446  0.00000
  0.00000  0.01195  0.00484  0.49099  0.49221  0.00000  0.00000
  0.00000  0.52687  0.01517  0.00000  0.00000  0.45795  0.00000
  0.00000  0.45464  0.00000  0.00710  0.01066  0.52759  0.00000
  0.00000  0.00000  0.45464  0.00000  0.00710  0.01066  0.52759
 
    61    0.59368    0.90000    2.05974    3.83046    3.92384    5.79058    5.86056
 
FROM   61 TO   62
  0.39554  0.00000  0.01061  0.59385  0.00000  0.00000  0.00000
  0.00000  0.39554  0.00000  0.01061  0.59385  0.00000  0.00000
  0.00000  0.60336  0.00000  0.00000  0.39664  0.00000  0.00000
  0.00000  0.00000  0.00000  0.00000  0.25215  0.74785  0.00000
  0.00000  0.00000  0.00000  0.49765  0.25020  0.25215  0.00000
  0.00000  0.00110  0.50000  0.49174  0.00716  0.00000  0.00000
  0.00000  0.00000  0.00110  0.50000  0.49174  0.00716  0.00000
 
    62    0.65988    1.39368    3.15500    3.62372    4.83918    5.57331    5.92901
 
FROM   62 TO   63
  0.01355  0.96405  0.02240  0.00000  0.00000  0.00000  0.00000
  0.00000  0.01355  0.96405  0.02240  0.00000  0.00000  0.00000
  0.00000  0.28640  0.00000  0.71360  0.00000  0.00000  0.00000
  0.00000  0.51987  0.03595  0.13830  0.30589  0.00000  0.00000
  0.00000  0.00000  0.00000  0.20958  0.12375  0.66667  0.00000
  0.00000  0.32338  0.00000  0.16813  0.50849  0.00000  0.00000
  0.00000  0.00000  0.32338  0.00000  0.16813  0.50849  0.00000
 
    63    0.44705    1.15471    2.32786    3.11516    4.61177    5.46685    5.56010
 
FROM   63 TO   64
  0.00000  0.00000  0.42584  0.57416  0.00000  0.00000  0.00000
  0.00000  0.00000  0.00000  0.42584  0.57416  0.00000  0.00000
  0.00000  0.69314  0.00866  0.29820  0.00000  0.00000  0.00000
  0.00000  0.30420  0.00000  0.26996  0.14931  0.27654  0.00000
  0.00000  0.00266  0.99134  0.00600  0.00000  0.00000  0.00000
  0.00000  0.00000  0.00000  0.00000  0.27654  0.72346  0.00000
  0.00000  0.00000  0.00000  0.00000  0.00000  0.27654  0.72346
 
    64    0.32843    0.36709    1.23982    2.37451    5.10966    5.60586    5.72152
 
FROM   64 TO   65
  0.00000  0.00000  0.03795  0.58369  0.37836  0.00000  0.00000
  0.00000  0.00000  0.00000  0.03795  0.58369  0.37836  0.00000
  0.00000  0.98984  0.01016  0.00000  0.00000  0.00000  0.00000
  0.00000  0.01016  0.66812  0.32173  0.00000  0.00000  0.00000
  0.00000  0.00000  0.00000  0.00000  0.37836  0.62164  0.00000
  0.00000  0.00000  0.32173  0.64032  0.03795  0.00000  0.00000
  0.00000  0.00000  0.00000  0.32173  0.64032  0.03795  0.00000
 
    65    0.53896    0.68589    1.45233    2.74875    3.13445    3.65126    3.71165
 
FROM   65 TO   66
  0.43470  0.00000  0.04395  0.16558  0.35577  0.00000  0.00000
  0.00000  0.43470  0.00000  0.04395  0.16558  0.35577  0.00000
  0.00000  0.00000  0.00000  0.00000  0.64444  0.35556  0.00000
  0.00000  0.01391  0.47717  0.46704  0.04188  0.00000  0.00000
  0.00000  0.02295  0.02283  0.03633  0.62923  0.28867  0.00000
  0.00000  0.52844  0.00000  0.45269  0.01887  0.00000  0.00000
  0.00000  0.00000  0.52844  0.00000  0.45269  0.01887  0.00000
 
    66    0.42391    0.50513    1.87518    2.75921    3.43480    4.15802    4.18654
 
FROM   66 TO   67
  0.31815  0.00000  0.53208  0.14977  0.00000  0.00000  0.00000
  0.00000  0.31815  0.00000  0.53208  0.14977  0.00000  0.00000
  0.00000  0.00000  0.96202  0.00000  0.03798  0.00000  0.00000
  0.00000  0.00000  0.00000  0.00000  0.63388  0.36612  0.00000
  0.00000  0.45456  0.01266  0.31195  0.22083  0.00000  0.00000
  0.00000  0.00000  0.00000  0.00000  0.36612  0.63388  0.00000
  0.00000  0.00000  0.00000  0.00000  0.00000  0.36612  0.63388
 
    67    0.14606    0.88539    1.95461    2.50223    3.43593    4.06743    4.09544
 
FROM   67 TO   68
  0.99801  0.00199  0.00000  0.00000  0.00000  0.00000  0.00000
  0.00000  0.99801  0.00199  0.00000  0.00000  0.00000  0.00000
  0.00000  0.00000  0.00000  0.84621  0.00000  0.15379  0.00000
  0.00000  0.00199  0.55922  0.05415  0.00000  0.38465  0.00000
  0.00000  0.00000  0.29253  0.04665  0.33938  0.32143  0.00000
  0.00000  0.00000  0.00000  0.45277  0.49092  0.05631  0.00000
  0.00000  0.00000  0.00000  0.00000  0.45277  0.49092  0.05631
 
    68    0.06535    0.11257    0.76957    1.82031    2.80989    3.98357    4.48475
 
FROM   68 TO   69
  0.00000  0.00000  0.00000  0.52843  0.47157  0.00000  0.00000
  0.00000  0.00000  0.00000  0.00000  0.52843  0.47157  0.00000
  0.00000  0.11271  0.03155  0.52396  0.33177  0.00000  0.00000
  0.00000  0.54879  0.00000  0.45121  0.00000  0.00000  0.00000
  0.00000  0.31977  0.00000  0.01201  0.13979  0.52843  0.00000
  0.00000  0.01873  0.96845  0.01282  0.00000  0.00000  0.00000
  0.00000  0.00000  0.01873  0.96845  0.01282  0.00000  0.00000
 
    69    0.27144    0.37306    0.63274    1.06970    1.86300    2.94050    3.42239
 
FROM   69 TO   70
  0.47634  0.00781  0.09087  0.03326  0.39172  0.00000  0.00000
  0.00000  0.47634  0.00781  0.09087  0.03326  0.39172  0.00000
  0.00000  0.00000  0.00000  0.40567  0.53462  0.05971  0.00000
  0.00000  0.11348  0.49219  0.02132  0.37301  0.00000  0.00000
  0.00000  0.00000  0.00000  0.41723  0.03419  0.54857  0.00000
  0.00000  0.41018  0.00000  0.06490  0.52492  0.00000  0.00000
  0.00000  0.00000  0.41018  0.00000  0.06490  0.52492  0.00000
 
    70    0.64294    0.67409    1.97097    2.42885    3.19892    3.88671    4.10797
 
FROM   70 TO   71
  0.04807  0.01008  0.00994  0.49416  0.43774  0.00000  0.00000
  0.00000  0.04807  0.01008  0.00994  0.49416  0.43774  0.00000
  0.00000  0.05816  0.03015  0.00000  0.91169  0.00000  0.00000
  0.00000  0.50911  0.47484  0.01157  0.00448  0.00000  0.00000
  0.00000  0.27582  0.00000  0.35758  0.36367  0.00293  0.00000
  0.00000  0.00000  0.00000  0.44213  0.00000  0.55787  0.00000
  0.00000  0.00000  0.00000  0.00000  0.44213  0.00000  0.55787
 
    71    0.12274    0.15702    0.26646    1.35141    1.60726    2.09915    2.24964
 
FROM   71 TO   72
  0.97097  0.02840  0.00062  0.00000  0.00000  0.00000  0.00000
  0.00000  0.97097  0.02840  0.00062  0.00000  0.00000  0.00000
  0.00000  0.00000  0.00000  0.00118  0.00000  0.99882  0.00000
  0.00000  0.02903  0.57008  0.40089  0.00000  0.00000  0.00000
  0.00000  0.00000  0.00000  0.26124  0.66667  0.07209  0.00000
  0.00000  0.00000  0.40151  0.20604  0.00000  0.39245  0.00000
  0.00000  0.00000  0.00000  0.40151  0.20604  0.00000  0.39245
 
    72    0.23619    0.34450    0.45872    1.44509    2.16550    2.33228    2.33269
 
FROM   72 TO   73
  0.00000  0.58962  0.41038  0.00000  0.00000  0.00000  0.00000
  0.00000  0.00000  0.58962  0.41038  0.00000  0.00000  0.00000
  0.00000  0.22672  0.17483  0.58532  0.01312  0.00000  0.00000
  0.00000  0.00000  0.00000  0.00000  0.47752  0.52248  0.00000
  0.00000  0.00000  0.00883  0.00430  0.50935  0.47752  0.00000
